543209
530363
543373
514450
500202
531688
540252
532379
540782
541983
539479
541276
540726
543435
531359
530357
540749
532676
526965
500390
540693
512597
531109
539041
523628
542771
532678
539839
500319
539056
523011
519455
531225
540358
538891
506640
540570
542935
532029
532886
504648
535566
502294
533160
524580
500142
524590
523062
538119
539910
504810
513397
532993
513430
526473
538668
511441
539621
500402
539406
542667
530909
538476
511696
540181
530271
539132
540135
524614
531608
535431
502893
526195
524414
531893
530429
540097
535279
519064
531780
541601
532339
513721
514197
531585
532164
511000
539447
542123
540786
530055
526859
540823
503772
512048
526237
532640
531127
540211
531205
533261
536659
512600
531411
531175
532794
531978
513303
539921
534532
538446
502742
532931
511754
523826
535730
514448
512359
540168
531752
532154
540809
526525
521113
538890
538786
542851
532902
511559
532410
526614
514264
534064
506074
534742
526871
521178
513713
535409
540425
526827
532513
507938
526983
539522
511367
504397
523896
535118
531506
531153
512020
513528
539494
540956
532382
526415
541945
512624
519105
532989
500780
542923
537820
532906
537536
542918
531380
541701
501700
537253
542727
522034
540492
523650
503092
539398
532670
500670
534425
531406
512463
532404
507490
532879
509009
540519
523371
521234
514028
532807
539742
539519
531582
519234
503031
524202
530265
532957
517421
532140
523676
531279
531758
530443
539402
531252
530369
542938
539013
541770
502281
532100
539448
511473
512103
513687
531395
531600
526001
514440
539090
532212
514113
532371
506642
540311
538539
542232
526807
531112
540717
539111
526987
543420
538706
532705
531911
531328
519136
538611
541735
541352
530393
531929
500060
512379
519014
508969
532455
542694
532748
502271
503169
522267
539992
532181
511012
526905
526711
512175
532015
502933
532304
504180
540936
519299
517264
539661
513361
523301
508664
522101
506532
532800
530215
533275
526367
532847
500370
532896
540795
506687
513305
542285
539814
542933
519319
542924
526407
530135
533315
541167
533101
511034
500067
531503
504882
533149
540653
539680
532729
542579
538961
522165
539337
523862
540210
532662
511359
540696
541019
514326
530065
522241
530419
540404
522650
500184
526133
531802
524212
511714
530705
533192
543284
532904
514036
531304
531982
539196
517236
516110
532686
500119
542034
519367
526849
531260
530405
530449
520056
538875
508956
535136
532960
531497
513343
540756
532673
532738
503624
543377
520111
500206
512229
539399
507836
508929
526755
513699
532078
543288
513436
526961
538765
531509
503669
511736
511176
511413
522027
531272
506184
531583
539662
532543
511585
533470
532356
526445
519506
541151
519483
521232
521054
530899
521133
530291
500295
526737
532041
540023
532764
524808
538788
532799
503659
536565
539546
540006
543312
531512
540652
540695
538817
542852
532828
513599
538382
516003
507180
524440
501391
514240
538562
503804
540829
539353
526355
543366
532855
539251
523204
532937
540811
541418
526739
523260
530821
542627
505720
511654
524564
524051
542759
506022
541206
509567
505725
539012
538646
530263
538894
539939
502460
533267
519230
512109
532376
533638
523164
530845
532893
531979
530595
543241
523391
541336
527005
526544
542919
504840
526721
531043
538647
504879
531578
540650
500191
524218
533163
530609
500354
513097
521082
539310
532717
534600
532234
519152
514322
541299
532947
500650
531543
530169
521220
532610
531834
521194
539938
531599
531913
532256
543427
519242
539407
531082
531307
511243
500038
513335
530025
535406
532716
523722
517015
503101
531306
543439
538742
540396
504646
523620
543273
514280
512024
540401
534190
534758
537492
512296
512499
523207
543329
532880
500307
533018
538351
590062
535667
511557
543376
531314
530171
531156
531869
519359
523120
526494
500147
505744
531842
531923
530433
531413
523537
542437
515145
526971
539042
539149
532939
512297
532740
524652
526143
532785
539594
531494
532952
539118
509196
539177
512634
513309
500672
532113
511726
524654
531253
526576
502901
540125
507609
531867
500280
524500
532911
533451
500440
538918
517246
524675
508905
516108
517437
500185
531716
532852
542934
532343
534060
538268
524636
530177
503806
507315
521180
532548
540821
531241
531508
526945
532523
530627
511702
542770
531432
532500
523558
533602
513023
500227
507759
500252
534674
530167
532166
539833
540310
500339
509015
523351
531902
538923
513683
532134
539834
540132
520131
538874
539495
540590
505703
523113
526227
531989
532403
532515
532734
508860
530361
540360
513507
520123
530931
531091
532470
539673
501351
539383
500013
526532
531322
507808
531769
541973
500211
538862
539121
540082
542399
507525
523642
531667
538568
540198
511688
514324
543436
505242
513579
530565
542677
538935
531288
532867
542653
532053
532656
539126
500343
532529
502448
511618
519031
538423
539861
512233
522074
539123
502587
524330
536751
519413
531429
500470
505850
516086
538540
526839
542333
514358
530053
531255
590082
530001
531652
532479
530093
532271
533167
521206
537573
532613
542920
526813
523489
531207
543236
543311
532895
530445
532946
541083
526301
531192
503675
531658
507817
530777
531651
532011
534920
541999
505509
541006
509563
531650
533103
539946
500014
507265
534598
533941
505576
526137
512064
539404
504335
505523
532275
500170
517166
531399
515081
532340
522105
539175
506027
542666
503691
539131
509051
526891
500220
521048
532217
530521
539278
543378
590022
522237
530251
537840
532698
535694
505324
509449
511630
590041
521242
532749
542772
502820
530843
504918
521200
541178
531719
514221
519260
531398
530915
539083
539225
532162
540266
532928
539884
543413
540954
511501
503776
524522
533217
512068
533001
512485
514138
533221
538565
526269
539026
540975
540694
523467
538942
543217
531092
514238
531500
530431
500459
531289
500210
531283
505299
526441
500032
501343
523465
531228
538834
513005
531744
531930
590086
530213
530797
531281
524711
533095
533336
500188
526211
532313
516078
526371
538451
539428
538546
524661
517258
532391
540134
541778
532731
516072
517417
532760
519604
526027
531080
532072
532940
539043
539598
590070
500444
511724
532648
506122
540673
524606
522122
523367
531813
505590
538567
541503
530713
505650
521161
542602
504212
523550
532744
505840
531246
514360
539304
540874
515037
533212
538564
533286
500028
530643
531111
531904
539844
539962
542865
531616
532689
500488
531323
533278
503229
514171
532866
542670
500219
539222
543390
531841
500477
531358
538019
511064
524370
530133
505010
539201
514266
511658
523850
524634
531921
539005
541152
543261
511122
501421
506852
511147
506480
539449
536128
539486
543411
530815
534338
524336
531163
532488
542216
517500
506734
542850
531273
532834
533181
539334
500408
532700
535204
506194
530881
531278
540647
526823
542655
543230
524136
541771
590013
519295
520051
532916
590078
500234
524348
531426
500096
538733
500306
500337
523269
540293
532392
536738
540649
504988
539143
500366
507960
533151
531334
511605
524458
532621
509895
521080
532798
532892
533270
532974
542679
506109
507474
524394
519383
532522
533148
526519
543325
500360
500690
518075
523419
503641
512393
543398
531968
514400
539405
523023
532796
500159
526554
531387
502330
523127
505978
507753
511589
539984
523694
533162
506525
540361
522215
507981
513642
531862
522287
532757
539770
506858
500104
532056
501833
532373
532722
540789
500087
539620
500125
512425
542729
543245
  2  
504258
534755
539384
532693
503310
502986
526231
526604
513488
540621
535267
507205
541163
543252
543247
526747
533629
501945
530253
543207
539787
543384
532806
540762
543441
526821
519156
530585
537785
530067
539574
521068
530697
531169
500128
530579
531642
541702
533227
507621
507690
505302
530499
532741
532826
541540
532668
540148
540254
504966
522152
532988
524717
526335
505412
524342
508670
513063
538666
532641
506261
504084
530803
531268
543328
517354
532189
514223
530235
500048
511391
523186
534618
516106
543223
524280
538812
532092
532435
539551
532508
513250
532320
509243
500877
540205
500201
514167
539267
532976
539597
500182
500109
511463
532057
532532
533206
539009
500820
539331
542682
540679
511355
539518
532953
541195
500620
533203
531726
513121
530677
532699
532524
530011
500327
540497
500418
532281
532538
543218
500114
506395
524534
532967
540366
521141
530365
532977
500439
500041
500387
523007
532907
524156
533393
500575
501430
540615
514442
530977
540359
500425
500469
507747
538965
509048
539872
531553
533317
530117
526775
531762
533632
519191
533552
539122
539148
522195
526492
539978
513515
532444
539841
507435
532649
540937
500495
505320
543248
506390
507917
526654
513252
531456
540775
519477
542543
504286
570005
513502
500228
505163
540080
523752
524640
539875
535602
505681
522029
530897
543391
531437
539228
534748
517514
526703
500404
514470
523672
509874
533007
539697
523594
538537
539401
530799
539561
542684
542011
511764
536672
542013
532992
523483
516092
543400
530343
539268
530469
532344
532725
504959
508494
512247
543220
500830
543330
512599
531739
532733
541153
500277
506186
526365
522209
541450
500410
542019
500085
511333
590134
524816
530299
532001
500260
524080
540222
540108
542459
530517
539275
541005
543453
508807
526628
500770
507717
535601
539985
509496
524735
526953
500020
506820
515030
539221
539302
517041
500174
500193
500274
500313
500325
500358
501110
501477
503837
503863
504220
504351
504375
504398
504746
505250
505285
505336
505343
505504
505797
506134
506313
506530
506975
507442
507962
508306
508571
509026
509038
509084
509099
509845
511018
511116
511169
511200
511401
511427
511447
511493
511539
511597
511611
511700
511730
511738
511740
512008
512221
512341
512377
512405
512479
512565
513119
513149
513337
513605
513723
514144
514318
514336
514386
514402
514482
515018
516020
517044
517077
517170
517201
517372
517393
517399
517463
517467
519214
519279
519353
519415
519471
521005
521014
521036
521062
521137
521149
521238
522001
522036
522163
523105
523209
523222
523242
523387
523415
523712
523844
523874
523888
524031
524038
524210
524322
524514
524516
524689
526009
526093
526115
526173
526193
526235
526251
526373
526431
526443
526477
526570
526869
526887
526901
530037
530057
530179
530267
530281
530601
530669
530765
530805
530841
530853
530917
530921
530929
530943
531027
531099
531126
531155
531178
531206
531211
531221
531235
531237
531265
531280
531327
531343
531357
531370
531397
531420
531444
531505
531515
531568
531621
531663
531677
531686
531735
531738
531771
531775
531784
531819
531821
531825
531881
531887
531889
531900
531928
531931
531936
531944
531980
532097
532139
532167
532336
532355
532359
532378
532425
532614
532825
533048
533301
533499
533540
534063
534659
534927
535013
535387
535647
535719
535910
535917
535958
536710
537707
538273
538433
538452
538541
538542
538556
538575
538579
538652
538731
538743
538794
538897
538919
538921
538963
539099
539198
539199
539206
539224
539273
539274
539314
539408
539433
539468
539552
539596
539659
539724
539760
539762
539843
539895
539922
539947
540066
540079
540081
540084
540151
540152
540174
540269
540455
540481
540613
540651
540698
540718
540843
540953
541053
541112
541228
541703
541799
542020
542145
542146
542231
542332
542524
542580
542678
542728
542765
542802
542864
542906
542910
543065
543194
543211
543222
543239
543244
543282
543285
543309
543324
543351
543352
590122
532215
539871
507813
540757
532926
512573
524208
500148
531199
500016
500378
530233
532286
509635
526616
540730
509162
500151
501298
543321
501148
538732
540204
542628
509966
524019
533302
511110
532156
541557
570004
514412
532503
513536
531360
538970
530871
532296
532617
523289
524594
540526
500235
540144
505688
524075
532772
500027
507300
524230
541302
543428
530675
531041
532178
505890
506597
540596
526574
540027
523710
512527
516022
504605
506128
513554
541154
501622
532918
504080
530075
531531
524715
531227
538521
526113
531609
501311
508954
524828
531119
532466
523832
540738
538943
500113
514034
523790
543283
531460
539359
541144
543412
524669
531409
539176
504356
533106
540565
540729
543290
519421
533262
539378
533452
534563
538882
507794
536974
532485
531668
531861
519331
524444
531814
532683
532932
533098
543426
508941
533023
533096
500493
503657
523373
532624
537259
543298
511377
516016
539141
541301
500285
532923
534139
540955
502589
532761
540048
504028
517385
526723
530151
542597
507872
512477
516064
532454
532941
539469
540797
512437
531761
538837
519287
531033
531215
531259
531637
533982
539112
514286
543410
500101
500112
522108
530109
532187
500875
543257
532679
539523
500490
523116
531692
534422
500550
523160
532987
541974
514165
531213
541161
532397
533398
539542
522183
523475
533333
540595
543401
505533
506528
514354
526423
531234
526947
533169
500207
532848
539956
500106
530289
500084
521097
530043
500033
500777
521216
530073
531847
500570
513295
531591
521240
540393
522004
524818
531681
541269
500124
530077
530331
532334
532935
523708
526931
533282
542446
500123
506910
539220
500336
500450
505232
590006
590021
524288
590018
509525
524200
532230
533272
500284
533260
507912
502355
539045
513375
532820
541929
500500
502219
531364
532859
507944
508918
532460
532541
540697
514394
540716
519091
535754
526725
533210
542830
501301
530919
500058
500680
514010
532102
532387
532527
533137
505216
542904
524570
500168
504786
532180
530317
514312
532174
532459
526612
500878
519174
521222
519224
530421
539876
543364
504058
502250
511672
519475
530047
531147
532784
532652
532719
500940
540728
540769
543272
500388
530829
533156
540180
541353
513010
500290
519500
539515
500870
509079
531560
531310
532754
532835
533520
534675
590071
526797
540678
511571
519397
543263
531859
530401
500246
504973
533168
538795
540259
512344
506105
520073
531594
513472
526783
533179
539917
532468
532921
507645
523660
538962
541179
531158
531453
532362
538685
530495
534976
539889
500116
531120
543396
509945
521064
523405
531638
538402
500480
505200
513043
531216
532440
540005
511131
519183
520066
532390
500331
532216
541556
533047
590066
500126
500547
511208
523566
532300
514142
540203
543281
530313
532665
524404
526550
542752
533273
539807
532324
505283
540395
506935
530549
532819
543310
500034
505196
590003
500144
504036
539266
503349
507880
508989
533344
539291
513446
506863
523054
541956
542248
500110
502180
532827
511451
512595
504340
509709
513511
513519
506522
526159
532155
532149
532755
538952
539287
508869
531337
533289
513434
543243
524506
526608
539883
500674
532413
543415
524667
532805
512070
526687
533014
500790
504741
532507
506590
532714
543064
543253
512587
531717
500407
500429
539636
540737
522091
532070
507598
526468
500302
509069
523319
531541
500093
530307
532357
523736
517554
532945
539290
511551
513729
540648
541634
500483
531540
532687
532723
539332
500460
500660
540611
532351
539097
540774
500300
500696
500710
502090
524663
526586
530027
534623
526727
532321
532898
500296
500890
512519
530367
500180
505710
514087
505800
530245
517477
532033
500463
511692
520059
532218
532374
532627
532810
500268
500405
532150
500464
539570
543387
590065
501831
509631
532305
532986
537254
539986
505192
507785
530747
531795
532885
513108
513709
531162
539018
506401
532333
533152
508136
524408
530985
534597
502137
513173
519097
533248
540704
532817
542652
590056
523025
543231
590051
512553
500243
520113
523369
533676
500078
512161
517536
539410
540614
540824
540902
523586
531495
532674
533155
500002
502450
500003
511601
533655
500031
500251
505141
540575
513269
517334
532540
532650
543374
590073
533265
538596
500150
532124
532915
533519
539219
513513
533573
534804
543336
500189
540124
500008
511076
539288
506690
530201
531069
532851
500250
506260
531173
532955
500215
513228
542753
590005
500357
531556
535657
537292
521070
526471
524804
530779
533218
514300
532051
506655
526677
539017
500850
532978
532443
517146
523323
532651
538987
519126
526161
532942
541729
530965
540268
542337
530199
539678
509557
526263
531746
519612
532726
543372
500209
513262
531569
538381
539599
541143
506197
526666
532461
532983
537326
542726
533078
505726
533303
535755
530979
543367
500040
507948
509480
526582
500530
500825
504093
531879
543322
513117
514183
532323
532481
502958
532406
500253
531297
505075
509472
537750
539113
500367
508486
531778
500092
519262
521163
532240
532934
538566
509930
511533
536773
533704
540755
524226
532812
539151
500213
505368
539658
504076
523610
534816
511218
531592
541444
500012
523151
530795
532482
532531
533161
539254
507779
521176
531346
532329
543258
524542
532042
535458
542484
501423
523574
532467
523329
533093
539799
502873
543306
506605
530377
532900
538920
540743
522231
540699
513353
540530
543265
543417
512453
526299
532713
517238
532644
538964
506767
532930
533758
539227
506618
509675
543234
500304
508875
531595
543237
532756
500413
500355
523648
511766
532728
538634
530239
540064
530545
539982
540550
504000
507685
522295
524494
530695
530789
532742
541358
522281
541578
514332
517206
542460
500233
500368
526217
541304
500350
507828
531210
537766
570001
506854
509470
521248
532868
538881
502420
542046
507970
530145
533400
500153
500520
507580
530879
502157
532493
506414
524576
530005
532707
535205
538365
538715
539289
541096
509715
519528
532366
533477
511431
526117
505526
530079
500238
532384
532832
517330
542351
534309
503100
532483
524748
531635
538730
505690
530611
543286
500183
507514
507515
530459
539559
511153
530131
540900
543299
538401
500403
500840
530589
534076
539450
522005
523598
500023
500186
523384
509488
523395
526315
543066
543434
500279
505693
505737
538635
539927
517506
507815
520155
532636
512165
538180
542651
531412
535322
538569
523704
532432
523630
533080
539963
540798
542905
524480
532702
533029
533543
515043
523754
532659
532959
512604
532209
532301
533296
504614
522205
526638
532498
531373
539276
542907
502937
532782
533284
540405
509152
513691
532771
500171
506919
511742
531336
517174
532402
539767
517447
543279
543349
519285
500426
509486
531338
531845
502168
519457
532830
500049
511712
532054
523229
543240
511609
515093
531644
500097
522014
523696
532331
532661
533306
536507
530577
531846
543386
517571
526506
530533
532777
533088
537291
570002
539150
543433
513517
539785
540145
543271
522217
532505
530571
533553
542857
540879
511549
518029
542801
590031
512481
536493
524642
532783
539798
533427
540938
542867
522073
590024
505893
532370
542649
511411
543300
512267
522064
532380
503811
516030
524572
524752
526225
532144
500411
531129
532159
532710
509073
514302
526829
540136
530341
541303
500074
537839
533269
500069
500214
523144
532660
540642
590030
504240
520127
523782
526683
530315
542012
542367
512493
530665
539730
532899
531489
590072
532684
533257
523457
523652
530163
539174
539400
540115
500312
526596
530711
531035
532369
543214
513540
526847
531917
532478
533581
531137
532555
500083
522294
531727
533271
500102
506943
532398
500173
500231
500655
526935
540776
543264
531146
532309
532888
539607
530961
532400
543251
506685
505515
526325
511758
511760
531049
532350
536456
500086
500266
517035
531233
531673
532416
532737
539437
541400
590075
524520
540744
524648
526169
506235
531431
532864
539679
526853
532504
532509
506579
514175
532874
526640
532285
501848
507155
512018
520057
531223
532776
534796
543276
532143
532856
533229
500089
531266
532875
508814
526705
518011
532539
542668
506981
532633
504908
530173
542724
532751
537838
538992
542932
505036
521151
532528
533287
533576
538926
540190
505750
526967
539223
512381
532628
512626
514330
533056
539692
543317
500314
502015
505714
505729
507789
517230
526073
531335
531878
533285
513566
515008
521244
532975
543268
523716
532811
539252
540253
540692
532039
500249
500267
511543
539336
539363
532735
539525
500510
517356
531157
514234
543320
543327
526899
530715
535648
537524
500241
505854
523449
531950
542141
513509
523828
532183
500160
521182
520043
526139
532922
540515
532019
533252
500356
526479
532114
534741
502563
532210
505212
506180
517411
526490
526504
531888
540062
511716
513422
515059
517370
531613
540386
540725
500052
503960
513498
526508
540159
541347
541627
500458
501370
519463
539120
540385
513179
519600
523756
531812
531832
511756
526179
526851
531390
533294
540063
516098
519588
531550
532221
532804
540952
542685
542725
508996
517059
531240
504697
511523
512301
514378
515085
521210
530655
531300
532090
533170
526500
530907
531196
531436
533326
538674
541338
543213
507488
519238
531274
507833
512441
524687
530959
532307
536709
539584
540904
500135
536846
538833
500271
500472
517544
530017
530663
531909
532774
534731
538081
539016
506003
511144
517429
531198
532929
539506
540047
532514
513558
522134
524502
524622
530771
531203
531254
532310
533239
538212
541546
543277
500265
519532
530249
533896
540767
543318
500420
503127
513377
540173
500400
523792
526521
530839
507526
526622
523385
530231
531892
535407
512279
516082
526731
530809
533295
500645
526668
543212
533316
532141
526885
522273
530883
531633
539096
504341
532430
532797
532845
542025
532525
505160
507438
512529
523277
524582
531648
543235
500294
532768
540143
543262
532477
542057
523248
530427
530813
539455
540078
524000
531991
530991
532663
507966
522263
532666
532822
539403
524742
541233
505355
530889
590057
531680
532349
539255
532870
535693
532388
535411
531661
537985
502445
513693
539593
543350
532616
543346
524129
533208
540703
533407
540061
523539
504731
534809
514454
526817
530127
532642
530461
531548
540065
514215
517415
526568
500143
512047
530477
539046
514428
520119
524624
532894
503162
514316
517397
521109
523398
531319
539562
518091
526409
532712
532839
539528
541890
522113
500298
531676
532815
532966
539911
524598
538598
538860
540980
500163
507410
509020
514460
532424
500247
511676
522249
539527
540376
501425
531416
532638
543287
514484
526481
539229
526546
543266
530125
532441
530555
531017
540073
543242
514045
520008
539957
541402
540691
532284
530759
543228
500730
500800
505255
509820
524037
533343
532878
508922
543442
509546
538922
532933
539354
526025
532872
533193
539195
523232
500449
515147
535621
500164
511196
530035
533274
501150
524013
533108
501295
538610
500136
522289
532994
506879
507498
524434
542773
516032
500412
535789
543319
509692
524558
533022
533329
532290
532980
531439
504273
513418
531179
513548
514272
520121
523445
542066
531172
532173
519494
543275
500338
530709
524743
542383
533110
531962
537709
500467
507910
543334
543335
500166
532654
532972
530305
509835
532696
543297
514140
532884
530045
536264
530259
538902
540724
514418
520021
532779
530439
540710
531723
532348
532795
539837
522251
534091
500199
541988
526951
532637
543305
524109
530111
532630
532927
532172
509055
538979
507508
532842
531433
533761
505712
523425
523638
500043
540544
543397
517449
543425
500330
530925
531161
531810
532891
533339
540686
543238
543269
512531
539725
540701
542760
504132
539218
509220
530119
543233
540735
526071
530207
539660
523283
523838
532869
532773
524824
532326
532706
539346
542650
532924
500456
543443
532695
506365
523842
500292
500009
522017
533259
539006
530023
532890
526247
521034
532408
534732
539545
543399
531952
500111
517522
500010
504092
531067
540777
534680
540133
543308
531694
532843
531977
519602
541700
505872
533506
542862
519216
532007
542323
524592
531539
532951
509040
526761
524396
524628
538607
539217
531574
500187
524703
533164
543278
504112
534328
532335
524518
539940
530309
524709
517569
531344
500042
540935
500133
517168
532145
532268
526381
543333
532612
532759
539044
509438
538772
543419
500380
526642
505790
517380
508933
539800
511016
500422
503816
506285
512179
532386
540750
532439
543259
523796
534733
523732
530095
532801
539115
532814
531402
530999
507998
522275
537582
500068
524820
532372
505700
536965
512329
539032
540025
543227
538835
515055
522285
500335
532022
533293
500103
507552
517288
540719
514248
530187
530689
513369
531381
532889
508906
526241
532419
539524
543358
531465
539309
500317
500346
532067
502175
532720
520151
524790
534392
532604
507486
526729
511194
520086
543254
524412
522245
505400
524332
543444
543187
524324
532365
539098
543249
533090
539436
500333
540901
512169
531552
500165
533138
530951
540961
500108
519566
530973
532853
502865
506079
532219
505537
517494
540602
540768
543232
531626
532259
517556
511066
539226
513456
520141
533177
538778
530175
526981
524164
543270
531449
540654
523618
532605
540192
531400
532732
526345
517271
521105
538092
530129
523519
524314
530557
526588
533608
539040
524731
533605
531287
504961
522229
512217
530825
533268
539894
532486
542117
506405
537069
526095
533482
526650
531257
517214
526799
501314
532873
522257
512237
530007
513216
513401
532457
531737
540026
542812
543210
530741
533263
500239
527001
540377
500288
512489
532175
511535
531502
539773
541403
526043
536868
540332
514128
532262
532475
538896
537392
538395
530621
500236
539011
540175
517546
530997
501455
533644
516062
506520
538707
500259
532775
530475
526921
507864
524768
532411
543331
500120
532341
513307
531471
540709
540788
542233
524091
521226
500248
505358
533033
511108
531925
543389
523021
530735
541445
517300
514043
531051
532395
539119
540680
542665
532730
539544
516096
531190
524604
543451
512215
512455
514274
519552
531396
506248
523836
540147
542911
524727
514211
531624
532767
505827
532780
539391
500245
532841
590068
530615
512131
532762
530787
540923
503663
537800
532375
500117
510245
533104
539301
511505
532553
513460
524632
532808
539117
519003
539216
538770
540153
522292
532035
538836
533107
512589
538713
533158
512399
543280
506076
511593
504378
509597
534615
542774
512257
509077
530755
543332
532790
520075
532692
531822
531341
539110
541865
539197
532745
532944
531499
533122
517562
526433
512608
533292
542654
532667
504380
507946
523411
531209
531496
534312
533202
530355
507878
540146
531454
531083
531417
533166
532721
540243
511628
517498
506808
526125
504067
514030
538928
500240
532626
539686
521188
540715
523100
538734
509760
543449
539874
500223
524470
533012
513059
531518
532407
533207
501242
524372
542669
500264
526662
530019
590025
539015
531212
541741
521018
512197
533144
513532
526717
540212
500257
532998
532829
532368
526881
526397
538787
506146
539470
543274
530197
506543
521228
532701
511768
532766
500179
540403
543363
526435
521131
540083
531768
534612
515127
533146
519307
533150
535916
532160
506222
523019
532809
531640
536170
500365
512618
531340
532854
523840
500540
539409
513403
530733
517273
530525
531324
532694
539835
539979
530581
531352
530407
539526
532456
540072
531176
533121
543229
500039
512093
531672
541196
531525
532345
532645
530255
511507
540545
530161
523261
540700
507852
526865
532123
511187
534708
511525
531201
535620
534369
538708
532850
524488
542803
539997
540727
517530
539854
521016
526861
532497
540796
504392
541337
532813
514162
504176
513452
523606
530139
532521
526751
543260
524774
543375
534109
531996
538868
531533
517344
517119
534691
511728
513349
532163
511710
512036
526187
542155
530185
530219
538319
517063
531472
522207
530617
533298
530953
540702
500414
538714
533189
540850
503722
538464
524400
500192
531994
532925
532629
538597
531025
517096
526873
530063
533019
532005
509423
509053
542206
517548
542721
508963
526081
543416
539300
530723
531349
543193
538496
543172
533320
511509
524723
532016
539190
539253
539492
539682
543208
543458
543460
543461